2.081945
2.054734
-1.733860
0.408624
-5.247531
-2.816614
6.529501
3.585173
-0.859444
-1.512514
-2.570857
1.173950
0.805920
0.878301
1.986596
0.394231
2.590775
-3.461075
-1.642077
-3.924676
-0.579822
-3.911873
2.023407
4.265526
-1.611941
2.796092
-1.052416
-3.605856
3.274611
-4.747863
-2.202165
-1.377158
4.341561
1.153033
-1.746054
4.856035
-1.214023
1.498414
-1.496633
-1.882310
5.642263
-0.368099
-1.544687
-0.715385
0.684200
0.680790
2.898677
0.113465
-2.407214
-3.022076
2.977622
0.606249
4.583195
1.807631
2.443152
-1.634468
-4.191006
0.816546
2.636211
0.040881
-1.663079
-0.456029
-2.523292
1.171739
-1.386984
0.700429
-0.743232
1.154824
-1.803029
4.904842
-0.205037
0.671196
0.800289
0.446085
-3.395397
0.943573
-1.593395
-3.101442
-2.520129
0.253135
-1.528033
-0.934125
1.298504
1.162462
-0.580787
0.760358
-0.588449
-1.485999
1.890321
2.497484
-0.459567
2.404940
0.782831
4.183553
0.223364
0.589589
0.705024
-4.254164
0.417703
-3.576339
-0.947772
-2.982012
3.216861
0.140582
-2.914815
0.657748
-2.380787
1.927624
2.126317
-3.201810
-2.207178
-2.883086
-6.221887
-0.586547
-3.176935
-1.586374
-4.856354
-1.775180
0.996775
-0.434637
-0.883517
2.016279
-4.578664
-1.751399
-2.308124
0.102055
-0.624298
-1.572527
-1.223552
0.572725
5.006887
-0.631497
0.841912
-3.651262
-1.814882
-1.830588
3.211082
0.017241
-0.142425
5.041593
1.601033
-1.066816
1.909569
-4.074543
-1.799745
-0.370791
-1.937899
5.895542
3.141695
1.640574
1.930710
-7.122559
-0.469623
1.143025
-3.223516
3.224790
-4.800301
0.130997
-2.895711
3.900557
0.601899
1.076184
4.295231
-1.055313
2.729692
5.748152
-0.036352
1.882563
1.911405
0.387682
2.110911
2.893892
1.829177
0.096551
-2.643571
1.654342
-3.323438
-1.121115
-1.103135
2.159609
0.970240
4.738310
-5.711094
-2.840730
0.316074
-0.192806
-2.670180
-2.011557
5.895053
-3.115139
0.641720
-1.551808
6.685283
-0.298657
2.160928
2.733023
2.558984
0.483653
-1.694908
4.782209
-2.569100
3.047219
1.843995
2.687123
-1.772192
0.851529
-1.389881
-5.136905
0.877228
-0.949981
0.856579
0.464080
-2.048461
2.319227
2.474601
-4.794505
2.279929
1.472572
0.077614
5.326619
2.367808
1.278984
0.539958
3.429251
3.048742
-0.184816
-2.166598
6.849976
0.774593
-3.858835
1.878814
-0.257599
-2.010745
1.173965
0.922056
2.063182
2.435453
-2.817393
-2.704488
3.195759
4.261311
5.666683
3.052268
1.117687
1.492529
-1.960430
0.358075
-5.133271
0.828699
2.019719
5.025055
-1.874320
-0.324137
-0.229268
2.462722
-4.451029
0.449694
2.669108
1.360230
1.053000
-1.382972
0.588904
-2.136838
2.376499
3.548687
-1.303360
-1.298891
-2.828397
1.655058
-1.874940
-1.167454
1.268587
3.632166
-7.904118
-3.324658
-0.694530
-2.265610
1.472739
2.777408
-1.840640
-4.444591
3.960186
-4.663533
-0.480961
-0.381554
-0.931400
2.601099
-6.097735
-2.361812
-1.786791
0.733434
-3.822925
2.419763
-3.595156
-4.943553
-0.963235
0.080485
0.626942
1.755421
0.772743
2.319459
-3.451793
-0.630831
-0.192733
6.387307
3.887088
-3.709480
3.068356
-1.572941
-3.751077
-0.880400
0.558065
-3.959561
-1.406732
-5.911316
-0.476393
-0.307665
-2.707491
3.000269
-1.609390
-0.458224
-1.726438
-2.473787
0.074082
0.657833
0.100650
0.184847
-0.472262
2.224348
-1.418632
-1.256608
-0.301461
-3.909247
0.394258
-5.382803
1.451664
0.570683
2.056177
-0.178120
-0.811363
-4.128586
-0.692038
1.232101
-0.612542
-2.533293
4.429798
-1.161935
-0.711271
0.711102
-2.002335
-1.229633
-1.332798
1.053961
1.512176
2.038686
-1.915222
4.949751
-1.314874
-4.642569
-3.240989
2.229720
0.099139
2.615761
-1.296189
-0.496023
1.215839
1.242145
-1.173358
3.547652
-4.891944
-0.053202
0.592569
-3.408063
-1.669574
2.167653
-2.703785
-0.086772
-2.049217
0.399399
1.368013
-1.198532
2.983949
-1.294477
-0.877832
0.436009
3.766896
-1.969581
-1.964375
-1.048169
-4.869396
-1.439778
-2.920214
1.001096
-3.283219
-1.039831
3.815946
-1.038559
1.422676
-5.405294
0.970158
2.868784
-3.142178
3.198413
-6.257591
1.980493
2.264072
3.148525
-5.496734
-0.520053
0.929774
3.093432
-3.012602
2.274583
-1.832392
-0.425723
-2.187808
1.013103
-1.325338
-0.116592
2.057064
1.390532
2.317462
-0.869489
3.681366
-3.093702
-3.606376
-1.656442
3.543252
-3.598247
-0.882645
2.161757
-2.763260
2.886030
1.910018
3.640362
1.466180
-3.484945
1.626480
1.257602
5.490693
-1.772643
3.790782
1.295854
0.193905
-4.605795
-5.567386
1.057129
-0.775429
2.153151
-1.532266
-4.174663
4.147715
-2.343499
-1.365393
-1.908838
-0.150015
0.376097
-3.018389
-4.835503
-2.195230
5.157461
2.157220
2.935505
1.219547
0.737270
-0.659029
4.934774
-0.738949
-2.208108
1.117017
-4.277824
6.144223
2.832694
0.898254
-0.468318
-4.261915
0.667021
0.740386
2.641611
-1.087493
0.579430
1.084678
2.083716
-2.321173
-4.443329
-2.359309
5.265114
-0.404878
-1.938624
-2.188856
1.664019
0.165081
-2.128015
3.030588
3.499052
2.348858
-1.561027
0.650083
-3.082134
-0.662745
-1.935417
-3.732874
-3.933626
-2.101520
0.087182
0.479574
-1.354906
9.029674
-1.102137
0.564294
0.847027
-2.233137
-3.668297
1.754300
2.126994
1.185327
-2.428170
-1.145341
1.770724
-0.717306
0.542081
-1.158005
1.560750
-1.117888
-2.441217
2.626084
-3.779235
0.808201
4.867551
3.608545
-1.037199
-1.919371
2.392934
0.816373
1.126353
1.305039
-0.452688
2.510868
-0.089480
0.599226
2.642209
2.295866
3.394717
1.915726
0.437075
0.115657
0.495216
-0.198909
1.623291
-1.770735
-0.109086
-0.311533
-2.564557
-1.072369
0.823975
0.511417
0.822323
-1.751564
-3.157683
0.198642
4.812777
1.751434
-2.046466
2.306800
-0.030186
-1.025759
-0.421705
4.587932
-1.331668
-0.973409
5.891883
-0.977795
2.167142
2.808882
-2.132328
-0.408812
2.453633
3.098623
2.140372
1.468703
2.875130
-0.763121
4.416721
1.796526
1.189584
-0.338465
2.435024
-5.062903
3.755919
1.827746
0.106283
0.752680
1.042381
4.927365
-4.431379
2.952414
-4.585512
-4.132158
-3.939091
-5.428967
