2.200469
-4.566022
-0.803153
-9.943900
-5.548404
9.633082
8.904565
5.544539
-6.154227
0.267015
-1.277315
1.128444
7.265691
2.665642
-8.754459
-3.481820
9.794808
1.973471
-4.515299
-14.543305
-2.312091
5.648096
-4.046535
3.271714
-13.962214
2.536386
1.394098
2.243695
-2.222335
-15.068934
-0.953859
-4.452349
-8.714072
9.704540
4.045977
11.476400
-4.736215
-6.081848
-12.149460
8.265840
9.145651
-6.758407
7.495835
11.160585
-6.332046
-0.608953
-3.233305
3.865714
-3.101797
-2.999520
-1.133251
-6.284637
3.072074
-5.336351
-1.831453
-0.482247
8.378384
-6.388921
-3.315600
-4.107808
3.219959
-8.765236
-0.294124
-6.161300
-0.202849
-0.231829
5.151078
7.357557
5.930462
12.705644
-9.523588
-1.805551
1.256994
-5.339974
-5.631801
-0.394340
-0.914221
-8.114012
-8.391762
9.741064
4.500442
0.896119
4.696692
-0.442901
1.122852
6.388073
-3.232495
-0.889388
-3.719466
0.555023
-10.193913
-4.418264
-0.807118
3.331511
3.689254
-12.648058
-3.053798
1.376599
-6.991043
8.070811
3.384220
4.461172
0.529060
-4.818138
-1.679664
7.599856
8.480828
8.855607
4.827002
-0.582987
2.765076
6.761843
-9.695629
-3.120444
-2.841515
-6.814165
-0.816898
7.616421
0.379734
-11.923595
-6.895382
2.128234
-3.786211
-12.814929
-0.880344
-3.100250
4.089971
-5.822530
-10.707967
-9.760605
-2.696315
-4.505195
5.973198
0.857480
1.372644
-7.335471
-0.584871
0.661917
2.602397
-0.942876
13.480705
10.404050
-1.683439
-3.313387
-2.891637
-13.760577
-4.945288
6.080994
-3.056634
1.334812
1.939160
-3.830727
11.982172
1.198245
3.363009
-1.949663
-3.534456
5.969420
5.920728
-0.572159
10.363808
-10.609574
-3.541242
4.411089
1.179842
1.205266
-3.452967
-4.388926
-2.710108
5.560425
-3.559810
-3.695930
-1.783529
18.137107
4.207394
3.534189
-2.357338
8.851089
3.788154
1.365818
3.629087
0.387535
11.992900
2.302619
5.924266
7.053945
11.858880
-8.568633
-10.372966
5.119214
6.776794
6.812916
-2.642569
10.899983
-0.455382
4.313808
-11.099084
8.481877
8.598154
-4.202988
