0.348932
-5.282132
3.712531
1.743102
-2.670231
-3.405291
-1.488438
-2.813995
-3.593848
3.647256
-5.484349
-9.329514
-0.691973
-6.701186
0.339125
0.528368
-2.199585
6.332725
1.007863
-0.193691
1.967111
4.538745
-5.940223
-6.547942
4.384186
2.752422
-2.256929
0.296912
-2.580267
-1.366535
-0.287673
2.505134
-2.712520
1.687235
3.472155
-4.727470
3.974354
-5.673636
2.788513
-1.664970
-5.200851
-2.609877
2.336897
1.750347
7.565643
-0.923358
-0.181713
-0.951825
-6.331202
-4.402420
3.030700
-3.499733
1.423410
-2.222305
-0.227751
3.157690
-6.682765
1.615818
6.153563
-0.003149
4.945515
2.704203
-1.444999
2.971675
-2.058381
4.509364
2.192279
-0.905558
2.945489
4.658686
-1.844137
8.693299
1.927012
-2.803965
-3.141667
3.512889
-0.116807
-9.466696
-0.076675
1.759211
-2.190964
2.639061
-5.424051
3.227605
-2.555201
-0.162418
-2.820665
0.149015
-6.142339
-1.143629
-1.872846
1.892072
-4.317447
-3.229453
3.994128
4.877661
-6.542213
-8.678011
4.582442
2.762385
